Sample	0	1	2	3	4	5	6	7	8	9	10	11	12	13	14	15	16	17	18	19	20	21	22	23	24	25	26
SRR11605259_1	(15.0, 1.0)	(16.0, 2.0)	(17.0, 3.0)	(18.0, 9.0)	(19.0, 12.0)	(20.0, 38.0)	(21.0, 123.0)	(22.0, 272.0)	(23.0, 775.0)	(24.0, 2088.0)	(25.0, 5095.0)	(26.0, 10669.0)	(27.0, 20052.0)	(28.0, 32141.0)	(29.0, 47598.0)	(30.0, 66015.0)	(31.0, 89883.0)	(32.0, 122300.0)	(33.0, 175013.0)	(34.0, 289432.0)	(35.0, 758939.0)	(36.0, 5474401.0)	(37.0, 212613.0)				
SRR11605259_2	(11.0, 1.0)	(12.0, 85.0)	(13.0, 291.0)	(14.0, 338.0)	(15.0, 260.0)	(16.0, 181.0)	(17.0, 166.0)	(18.0, 193.0)	(19.0, 286.0)	(20.0, 554.0)	(21.0, 1377.0)	(22.0, 3306.0)	(23.0, 6775.0)	(24.0, 11884.0)	(25.0, 17367.0)	(26.0, 23550.0)	(27.0, 31558.0)	(28.0, 42066.0)	(29.0, 57156.0)	(30.0, 77937.0)	(31.0, 110863.0)	(32.0, 167645.0)	(33.0, 285686.0)	(34.0, 634020.0)	(35.0, 2053860.0)	(36.0, 3706195.0)	(37.0, 73874.0)
SRR11605259_kneaddata_paired_1	(26.0, 8.0)	(27.0, 107.0)	(28.0, 789.0)	(29.0, 4192.0)	(30.0, 14455.0)	(31.0, 37787.0)	(32.0, 77411.0)	(33.0, 141556.0)	(34.0, 265651.0)	(35.0, 746327.0)	(36.0, 5471709.0)	(37.0, 214117.0)															
SRR11605259_kneaddata_paired_2	(25.0, 3.0)	(26.0, 42.0)	(27.0, 419.0)	(28.0, 2132.0)	(29.0, 8182.0)	(30.0, 24365.0)	(31.0, 61910.0)	(32.0, 131374.0)	(33.0, 267402.0)	(34.0, 626052.0)	(35.0, 2054691.0)	(36.0, 3723289.0)	(37.0, 74248.0)														
SRR11605260_1	(15.0, 2.0)	(16.0, 12.0)	(17.0, 11.0)	(18.0, 48.0)	(19.0, 94.0)	(20.0, 156.0)	(21.0, 268.0)	(22.0, 591.0)	(23.0, 1433.0)	(24.0, 3300.0)	(25.0, 7050.0)	(26.0, 13705.0)	(27.0, 24338.0)	(28.0, 37818.0)	(29.0, 55082.0)	(30.0, 75683.0)	(31.0, 100265.0)	(32.0, 134749.0)	(33.0, 195195.0)	(34.0, 329965.0)	(35.0, 895313.0)	(36.0, 5799813.0)	(37.0, 253088.0)				
SRR11605260_2	(11.0, 1.0)	(12.0, 65.0)	(13.0, 260.0)	(14.0, 288.0)	(15.0, 209.0)	(16.0, 198.0)	(17.0, 207.0)	(18.0, 274.0)	(19.0, 369.0)	(20.0, 888.0)	(21.0, 2219.0)	(22.0, 4788.0)	(23.0, 8562.0)	(24.0, 13370.0)	(25.0, 18535.0)	(26.0, 25025.0)	(27.0, 33030.0)	(28.0, 43880.0)	(29.0, 59618.0)	(30.0, 81377.0)	(31.0, 116509.0)	(32.0, 177227.0)	(33.0, 299907.0)	(34.0, 643030.0)	(35.0, 2075407.0)	(36.0, 4237980.0)	(37.0, 84756.0)
SRR11605260_kneaddata_paired_1	(26.0, 5.0)	(27.0, 120.0)	(28.0, 1009.0)	(29.0, 5119.0)	(30.0, 17704.0)	(31.0, 45765.0)	(32.0, 91392.0)	(33.0, 164904.0)	(34.0, 312020.0)	(35.0, 890903.0)	(36.0, 5805200.0)	(37.0, 254817.0)															
SRR11605260_kneaddata_paired_2	(25.0, 4.0)	(26.0, 73.0)	(27.0, 439.0)	(28.0, 2200.0)	(29.0, 8546.0)	(30.0, 25538.0)	(31.0, 64461.0)	(32.0, 140502.0)	(33.0, 284377.0)	(34.0, 640343.0)	(35.0, 2079775.0)	(36.0, 4257428.0)	(37.0, 85272.0)														
SRR11605261_1	(15.0, 1.0)	(16.0, 4.0)	(17.0, 5.0)	(18.0, 10.0)	(19.0, 25.0)	(20.0, 59.0)	(21.0, 126.0)	(22.0, 256.0)	(23.0, 713.0)	(24.0, 1944.0)	(25.0, 4886.0)	(26.0, 9990.0)	(27.0, 18460.0)	(28.0, 29891.0)	(29.0, 44315.0)	(30.0, 61658.0)	(31.0, 83695.0)	(32.0, 112463.0)	(33.0, 162030.0)	(34.0, 269195.0)	(35.0, 698101.0)	(36.0, 4825769.0)	(37.0, 188685.0)				
SRR11605261_2	(12.0, 24.0)	(13.0, 139.0)	(14.0, 191.0)	(15.0, 165.0)	(16.0, 130.0)	(17.0, 118.0)	(18.0, 150.0)	(19.0, 222.0)	(20.0, 391.0)	(21.0, 971.0)	(22.0, 2229.0)	(23.0, 4668.0)	(24.0, 8021.0)	(25.0, 11808.0)	(26.0, 16178.0)	(27.0, 22142.0)	(28.0, 29697.0)	(29.0, 41132.0)	(30.0, 57011.0)	(31.0, 81631.0)	(32.0, 122226.0)	(33.0, 201917.0)	(34.0, 416468.0)	(35.0, 1418202.0)	(36.0, 3949688.0)	(37.0, 126762.0)	
SRR11605261_kneaddata_paired_1	(25.0, 1.0)	(26.0, 7.0)	(27.0, 125.0)	(28.0, 915.0)	(29.0, 4637.0)	(30.0, 15607.0)	(31.0, 40016.0)	(32.0, 77824.0)	(33.0, 138106.0)	(34.0, 254159.0)	(35.0, 692062.0)	(36.0, 4829242.0)	(37.0, 190128.0)														
SRR11605261_kneaddata_paired_2	(26.0, 29.0)	(27.0, 230.0)	(28.0, 1410.0)	(29.0, 5434.0)	(30.0, 16350.0)	(31.0, 42048.0)	(32.0, 91113.0)	(33.0, 183098.0)	(34.0, 405761.0)	(35.0, 1411100.0)	(36.0, 3959044.0)	(37.0, 127212.0)															
SRR11605262_1	(14.0, 1.0)	(15.0, 1.0)	(16.0, 4.0)	(17.0, 20.0)	(18.0, 32.0)	(19.0, 100.0)	(20.0, 201.0)	(21.0, 365.0)	(22.0, 776.0)	(23.0, 1677.0)	(24.0, 3495.0)	(25.0, 7133.0)	(26.0, 13027.0)	(27.0, 22320.0)	(28.0, 35310.0)	(29.0, 51429.0)	(30.0, 70654.0)	(31.0, 92721.0)	(32.0, 124274.0)	(33.0, 185061.0)	(34.0, 243647.0)	(35.0, 478198.0)	(36.0, 4088695.0)	(37.0, 330309.0)			
SRR11605262_2	(12.0, 1.0)	(13.0, 11.0)	(14.0, 47.0)	(15.0, 114.0)	(16.0, 139.0)	(17.0, 201.0)	(18.0, 252.0)	(19.0, 456.0)	(20.0, 726.0)	(21.0, 1306.0)	(22.0, 2708.0)	(23.0, 5310.0)	(24.0, 9289.0)	(25.0, 13711.0)	(26.0, 18432.0)	(27.0, 25026.0)	(28.0, 33503.0)	(29.0, 44926.0)	(30.0, 60800.0)	(31.0, 85584.0)	(32.0, 133117.0)	(33.0, 196420.0)	(34.0, 365454.0)	(35.0, 1190739.0)	(36.0, 3508033.0)	(37.0, 53145.0)	
SRR11605262_kneaddata_paired_1	(26.0, 8.0)	(27.0, 145.0)	(28.0, 1063.0)	(29.0, 5432.0)	(30.0, 17570.0)	(31.0, 42961.0)	(32.0, 80524.0)	(33.0, 131183.0)	(34.0, 212317.0)	(35.0, 483162.0)	(36.0, 4121479.0)	(37.0, 329591.0)															
SRR11605262_kneaddata_paired_2	(25.0, 4.0)	(26.0, 35.0)	(27.0, 283.0)	(28.0, 1198.0)	(29.0, 4840.0)	(30.0, 14406.0)	(31.0, 36147.0)	(32.0, 77682.0)	(33.0, 153725.0)	(34.0, 339893.0)	(35.0, 1212205.0)	(36.0, 3531374.0)	(37.0, 53643.0)														
SRR11605263_1	(15.0, 6.0)	(16.0, 30.0)	(17.0, 92.0)	(18.0, 126.0)	(19.0, 196.0)	(20.0, 334.0)	(21.0, 544.0)	(22.0, 892.0)	(23.0, 1719.0)	(24.0, 3306.0)	(25.0, 6598.0)	(26.0, 12278.0)	(27.0, 21396.0)	(28.0, 34516.0)	(29.0, 51136.0)	(30.0, 70917.0)	(31.0, 95690.0)	(32.0, 131128.0)	(33.0, 190110.0)	(34.0, 321337.0)	(35.0, 852709.0)	(36.0, 5662481.0)	(37.0, 327033.0)				
SRR11605263_2	(12.0, 41.0)	(13.0, 130.0)	(14.0, 169.0)	(15.0, 161.0)	(16.0, 171.0)	(17.0, 214.0)	(18.0, 334.0)	(19.0, 559.0)	(20.0, 1095.0)	(21.0, 2162.0)	(22.0, 3831.0)	(23.0, 5963.0)	(24.0, 8350.0)	(25.0, 11793.0)	(26.0, 15926.0)	(27.0, 21508.0)	(28.0, 29613.0)	(29.0, 41079.0)	(30.0, 57692.0)	(31.0, 84955.0)	(32.0, 132881.0)	(33.0, 226345.0)	(34.0, 473044.0)	(35.0, 1580584.0)	(36.0, 4948671.0)	(37.0, 137303.0)	
SRR11605263_kneaddata_paired_1	(25.0, 1.0)	(26.0, 9.0)	(27.0, 154.0)	(28.0, 1128.0)	(29.0, 5735.0)	(30.0, 18739.0)	(31.0, 47668.0)	(32.0, 93067.0)	(33.0, 165339.0)	(34.0, 307976.0)	(35.0, 852406.0)	(36.0, 5672267.0)	(37.0, 329066.0)														
SRR11605263_kneaddata_paired_2	(25.0, 4.0)	(26.0, 32.0)	(27.0, 259.0)	(28.0, 1333.0)	(29.0, 5365.0)	(30.0, 16016.0)	(31.0, 41574.0)	(32.0, 94469.0)	(33.0, 202297.0)	(34.0, 460906.0)	(35.0, 1575362.0)	(36.0, 4957724.0)	(37.0, 138214.0)														
SRR11605264_1	(13.0, 2.0)	(14.0, 40.0)	(15.0, 249.0)	(16.0, 774.0)	(17.0, 1275.0)	(18.0, 1707.0)	(19.0, 2024.0)	(20.0, 2351.0)	(21.0, 2640.0)	(22.0, 3500.0)	(23.0, 5158.0)	(24.0, 8045.0)	(25.0, 13762.0)	(26.0, 22943.0)	(27.0, 36926.0)	(28.0, 55188.0)	(29.0, 78177.0)	(30.0, 105337.0)	(31.0, 138170.0)	(32.0, 187605.0)	(33.0, 260287.0)	(34.0, 425112.0)	(35.0, 1090832.0)	(36.0, 6759175.0)	(37.0, 285395.0)		
SRR11605264_2	(11.0, 1.0)	(12.0, 87.0)	(13.0, 327.0)	(14.0, 446.0)	(15.0, 558.0)	(16.0, 732.0)	(17.0, 943.0)	(18.0, 1358.0)	(19.0, 1831.0)	(20.0, 2736.0)	(21.0, 4576.0)	(22.0, 7799.0)	(23.0, 12407.0)	(24.0, 18249.0)	(25.0, 25187.0)	(26.0, 33471.0)	(27.0, 44298.0)	(28.0, 58539.0)	(29.0, 78818.0)	(30.0, 108029.0)	(31.0, 154842.0)	(32.0, 229304.0)	(33.0, 375010.0)	(34.0, 767197.0)	(35.0, 2377331.0)	(36.0, 5059214.0)	(37.0, 123384.0)
SRR11605264_kneaddata_paired_1	(25.0, 1.0)	(26.0, 8.0)	(27.0, 194.0)	(28.0, 1535.0)	(29.0, 7355.0)	(30.0, 25568.0)	(31.0, 65137.0)	(32.0, 126350.0)	(33.0, 223112.0)	(34.0, 407669.0)	(35.0, 1101346.0)	(36.0, 6792768.0)	(37.0, 288371.0)														
SRR11605264_kneaddata_paired_2	(24.0, 1.0)	(25.0, 0.0)	(26.0, 48.0)	(27.0, 501.0)	(28.0, 2568.0)	(29.0, 9879.0)	(30.0, 30106.0)	(31.0, 78861.0)	(32.0, 173072.0)	(33.0, 349832.0)	(34.0, 767658.0)	(35.0, 2404876.0)	(36.0, 5097469.0)	(37.0, 124543.0)													
SRR11605265_1	(15.0, 1.0)	(16.0, 16.0)	(17.0, 41.0)	(18.0, 68.0)	(19.0, 116.0)	(20.0, 178.0)	(21.0, 322.0)	(22.0, 558.0)	(23.0, 1016.0)	(24.0, 2256.0)	(25.0, 4910.0)	(26.0, 9686.0)	(27.0, 18252.0)	(28.0, 31430.0)	(29.0, 49249.0)	(30.0, 70593.0)	(31.0, 99503.0)	(32.0, 171212.0)	(33.0, 208164.0)	(34.0, 320284.0)	(35.0, 773847.0)	(36.0, 4172330.0)	(37.0, 216701.0)				
SRR11605265_2	(12.0, 2.0)	(13.0, 27.0)	(14.0, 100.0)	(15.0, 204.0)	(16.0, 369.0)	(17.0, 645.0)	(18.0, 1249.0)	(19.0, 2183.0)	(20.0, 3779.0)	(21.0, 5714.0)	(22.0, 8802.0)	(23.0, 13333.0)	(24.0, 18644.0)	(25.0, 23828.0)	(26.0, 28770.0)	(27.0, 35705.0)	(28.0, 45508.0)	(29.0, 61891.0)	(30.0, 86895.0)	(31.0, 127878.0)	(32.0, 192837.0)	(33.0, 311553.0)	(34.0, 604150.0)	(35.0, 1621803.0)	(36.0, 2929528.0)	(37.0, 25336.0)	
SRR11605265_kneaddata_paired_1	(25.0, 1.0)	(26.0, 4.0)	(27.0, 123.0)	(28.0, 985.0)	(29.0, 4921.0)	(30.0, 16439.0)	(31.0, 41450.0)	(32.0, 81665.0)	(33.0, 146869.0)	(34.0, 274368.0)	(35.0, 738955.0)	(36.0, 4178358.0)	(37.0, 217829.0)														
SRR11605265_kneaddata_paired_2	(25.0, 8.0)	(26.0, 72.0)	(27.0, 411.0)	(28.0, 2318.0)	(29.0, 8842.0)	(30.0, 25510.0)	(31.0, 63579.0)	(32.0, 136620.0)	(33.0, 273334.0)	(34.0, 575999.0)	(35.0, 1623376.0)	(36.0, 2966639.0)	(37.0, 25259.0)														
SRR11605266_1	(13.0, 1.0)	(14.0, 9.0)	(15.0, 115.0)	(16.0, 277.0)	(17.0, 485.0)	(18.0, 614.0)	(19.0, 676.0)	(20.0, 884.0)	(21.0, 1143.0)	(22.0, 1514.0)	(23.0, 2283.0)	(24.0, 4115.0)	(25.0, 7747.0)	(26.0, 14417.0)	(27.0, 24781.0)	(28.0, 39422.0)	(29.0, 57077.0)	(30.0, 79211.0)	(31.0, 106533.0)	(32.0, 145219.0)	(33.0, 204516.0)	(34.0, 332649.0)	(35.0, 821881.0)	(36.0, 5647800.0)	(37.0, 241145.0)		
SRR11605266_2	(12.0, 44.0)	(13.0, 222.0)	(14.0, 281.0)	(15.0, 316.0)	(16.0, 445.0)	(17.0, 560.0)	(18.0, 687.0)	(19.0, 926.0)	(20.0, 1280.0)	(21.0, 2062.0)	(22.0, 3654.0)	(23.0, 6100.0)	(24.0, 9781.0)	(25.0, 13970.0)	(26.0, 18720.0)	(27.0, 25253.0)	(28.0, 34446.0)	(29.0, 48162.0)	(30.0, 67065.0)	(31.0, 96740.0)	(32.0, 144527.0)	(33.0, 233015.0)	(34.0, 460566.0)	(35.0, 1526301.0)	(36.0, 4853239.0)	(37.0, 186152.0)	
SRR11605266_kneaddata_paired_1	(26.0, 10.0)	(27.0, 157.0)	(28.0, 1109.0)	(29.0, 6093.0)	(30.0, 20777.0)	(31.0, 52444.0)	(32.0, 102525.0)	(33.0, 178231.0)	(34.0, 320045.0)	(35.0, 823151.0)	(36.0, 5649441.0)	(37.0, 242787.0)															
SRR11605266_kneaddata_paired_2	(25.0, 4.0)	(26.0, 30.0)	(27.0, 263.0)	(28.0, 1391.0)	(29.0, 5634.0)	(30.0, 17517.0)	(31.0, 46585.0)	(32.0, 103164.0)	(33.0, 208044.0)	(34.0, 448538.0)	(35.0, 1520788.0)	(36.0, 4858173.0)	(37.0, 186639.0)														
SRR11605267_1	(13.0, 1.0)	(14.0, 5.0)	(15.0, 74.0)	(16.0, 196.0)	(17.0, 347.0)	(18.0, 566.0)	(19.0, 756.0)	(20.0, 872.0)	(21.0, 1141.0)	(22.0, 1625.0)	(23.0, 2276.0)	(24.0, 3796.0)	(25.0, 6514.0)	(26.0, 10706.0)	(27.0, 17967.0)	(28.0, 28196.0)	(29.0, 41649.0)	(30.0, 60175.0)	(31.0, 87961.0)	(32.0, 156710.0)	(33.0, 218147.0)	(34.0, 338382.0)	(35.0, 875283.0)	(36.0, 3328240.0)	(37.0, 160236.0)		
SRR11605267_2	(11.0, 3.0)	(12.0, 55.0)	(13.0, 241.0)	(14.0, 440.0)	(15.0, 606.0)	(16.0, 1086.0)	(17.0, 2054.0)	(18.0, 3965.0)	(19.0, 6988.0)	(20.0, 10658.0)	(21.0, 14897.0)	(22.0, 21759.0)	(23.0, 31312.0)	(24.0, 42849.0)	(25.0, 53580.0)	(26.0, 62932.0)	(27.0, 74874.0)	(28.0, 92459.0)	(29.0, 119198.0)	(30.0, 157868.0)	(31.0, 213225.0)	(32.0, 300002.0)	(33.0, 446826.0)	(34.0, 731280.0)	(35.0, 1334491.0)	(36.0, 1589436.0)	(37.0, 28737.0)
SRR11605267_kneaddata_paired_1	(26.0, 4.0)	(27.0, 80.0)	(28.0, 587.0)	(29.0, 2798.0)	(30.0, 9377.0)	(31.0, 25015.0)	(32.0, 53320.0)	(33.0, 108755.0)	(34.0, 245938.0)	(35.0, 770052.0)	(36.0, 3256049.0)	(37.0, 159963.0)															
SRR11605267_kneaddata_paired_2	(25.0, 14.0)	(26.0, 257.0)	(27.0, 1653.0)	(28.0, 7299.0)	(29.0, 24311.0)	(30.0, 62617.0)	(31.0, 136736.0)	(32.0, 253869.0)	(33.0, 433453.0)	(34.0, 736725.0)	(35.0, 1346322.0)	(36.0, 1600488.0)	(37.0, 28194.0)														
SRR11605268_1	(14.0, 11.0)	(15.0, 86.0)	(16.0, 215.0)	(17.0, 405.0)	(18.0, 567.0)	(19.0, 670.0)	(20.0, 898.0)	(21.0, 1100.0)	(22.0, 1587.0)	(23.0, 2436.0)	(24.0, 3635.0)	(25.0, 6527.0)	(26.0, 11310.0)	(27.0, 18778.0)	(28.0, 28437.0)	(29.0, 41202.0)	(30.0, 56559.0)	(31.0, 75006.0)	(32.0, 100543.0)	(33.0, 141070.0)	(34.0, 229435.0)	(35.0, 573859.0)	(36.0, 3836026.0)	(37.0, 166939.0)			
SRR11605268_2	(11.0, 1.0)	(12.0, 28.0)	(13.0, 137.0)	(14.0, 259.0)	(15.0, 280.0)	(16.0, 483.0)	(17.0, 785.0)	(18.0, 1078.0)	(19.0, 1485.0)	(20.0, 2103.0)	(21.0, 3116.0)	(22.0, 4935.0)	(23.0, 7819.0)	(24.0, 11478.0)	(25.0, 14205.0)	(26.0, 16469.0)	(27.0, 19837.0)	(28.0, 25756.0)	(29.0, 35175.0)	(30.0, 49685.0)	(31.0, 73266.0)	(32.0, 108157.0)	(33.0, 176315.0)	(34.0, 332698.0)	(35.0, 980611.0)	(36.0, 3259604.0)	(37.0, 171536.0)
SRR11605268_kneaddata_paired_1	(26.0, 7.0)	(27.0, 131.0)	(28.0, 941.0)	(29.0, 4552.0)	(30.0, 15041.0)	(31.0, 37826.0)	(32.0, 71852.0)	(33.0, 123593.0)	(34.0, 218387.0)	(35.0, 559218.0)	(36.0, 3841095.0)	(37.0, 168381.0)															
SRR11605268_kneaddata_paired_2	(25.0, 2.0)	(26.0, 14.0)	(27.0, 171.0)	(28.0, 993.0)	(29.0, 4153.0)	(30.0, 12752.0)	(31.0, 33717.0)	(32.0, 74218.0)	(33.0, 150571.0)	(34.0, 316750.0)	(35.0, 989369.0)	(36.0, 3286095.0)	(37.0, 172219.0)														
SRR11605269_1	(13.0, 1.0)	(14.0, 7.0)	(15.0, 22.0)	(16.0, 95.0)	(17.0, 158.0)	(18.0, 254.0)	(19.0, 368.0)	(20.0, 503.0)	(21.0, 630.0)	(22.0, 883.0)	(23.0, 1346.0)	(24.0, 2340.0)	(25.0, 4344.0)	(26.0, 7771.0)	(27.0, 13474.0)	(28.0, 21915.0)	(29.0, 32496.0)	(30.0, 45264.0)	(31.0, 61650.0)	(32.0, 85451.0)	(33.0, 123178.0)	(34.0, 205412.0)	(35.0, 536499.0)	(36.0, 3641660.0)	(37.0, 148548.0)		
SRR11605269_2	(11.0, 2.0)	(12.0, 44.0)	(13.0, 166.0)	(14.0, 307.0)	(15.0, 338.0)	(16.0, 398.0)	(17.0, 493.0)	(18.0, 664.0)	(19.0, 851.0)	(20.0, 1166.0)	(21.0, 1738.0)	(22.0, 2878.0)	(23.0, 4653.0)	(24.0, 7091.0)	(25.0, 9960.0)	(26.0, 13447.0)	(27.0, 18264.0)	(28.0, 24235.0)	(29.0, 33608.0)	(30.0, 46252.0)	(31.0, 65669.0)	(32.0, 99608.0)	(33.0, 164100.0)	(34.0, 342387.0)	(35.0, 1129786.0)	(36.0, 2885816.0)	(37.0, 80348.0)
SRR11605269_kneaddata_paired_1	(26.0, 14.0)	(27.0, 80.0)	(28.0, 638.0)	(29.0, 3179.0)	(30.0, 10805.0)	(31.0, 27877.0)	(32.0, 56352.0)	(33.0, 102657.0)	(34.0, 192588.0)	(35.0, 532783.0)	(36.0, 3638504.0)	(37.0, 149488.0)															
SRR11605269_kneaddata_paired_2	(25.0, 4.0)	(26.0, 27.0)	(27.0, 211.0)	(28.0, 1094.0)	(29.0, 4220.0)	(30.0, 13083.0)	(31.0, 33795.0)	(32.0, 73654.0)	(33.0, 150934.0)	(34.0, 336544.0)	(35.0, 1129202.0)	(36.0, 2891552.0)	(37.0, 80645.0)														
SRR11605270_1	(14.0, 1.0)	(15.0, 4.0)	(16.0, 19.0)	(17.0, 33.0)	(18.0, 88.0)	(19.0, 124.0)	(20.0, 188.0)	(21.0, 334.0)	(22.0, 620.0)	(23.0, 1291.0)	(24.0, 2918.0)	(25.0, 6485.0)	(26.0, 12417.0)	(27.0, 22288.0)	(28.0, 35457.0)	(29.0, 52230.0)	(30.0, 72371.0)	(31.0, 98007.0)	(32.0, 133699.0)	(33.0, 190871.0)	(34.0, 314697.0)	(35.0, 800269.0)	(36.0, 6010199.0)	(37.0, 292374.0)			
SRR11605270_2	(11.0, 2.0)	(12.0, 137.0)	(13.0, 336.0)	(14.0, 346.0)	(15.0, 255.0)	(16.0, 259.0)	(17.0, 269.0)	(18.0, 344.0)	(19.0, 477.0)	(20.0, 982.0)	(21.0, 2093.0)	(22.0, 4606.0)	(23.0, 9158.0)	(24.0, 14905.0)	(25.0, 21143.0)	(26.0, 28022.0)	(27.0, 36639.0)	(28.0, 48132.0)	(29.0, 64034.0)	(30.0, 85680.0)	(31.0, 120302.0)	(32.0, 180481.0)	(33.0, 303956.0)	(34.0, 664093.0)	(35.0, 2137589.0)	(36.0, 4235234.0)	(37.0, 87510.0)
SRR11605270_kneaddata_paired_1	(25.0, 1.0)	(26.0, 10.0)	(27.0, 100.0)	(28.0, 763.0)	(29.0, 4168.0)	(30.0, 14800.0)	(31.0, 38733.0)	(32.0, 80085.0)	(33.0, 149579.0)	(34.0, 286292.0)	(35.0, 784797.0)	(36.0, 6003700.0)	(37.0, 294354.0)														
SRR11605270_kneaddata_paired_2	(25.0, 7.0)	(26.0, 52.0)	(27.0, 464.0)	(28.0, 2437.0)	(29.0, 9310.0)	(30.0, 27129.0)	(31.0, 65944.0)	(32.0, 139561.0)	(33.0, 281876.0)	(34.0, 654419.0)	(35.0, 2136420.0)	(36.0, 4251817.0)	(37.0, 87946.0)														
SRR11605271_1	(13.0, 1.0)	(14.0, 4.0)	(15.0, 23.0)	(16.0, 68.0)	(17.0, 140.0)	(18.0, 268.0)	(19.0, 395.0)	(20.0, 504.0)	(21.0, 729.0)	(22.0, 1152.0)	(23.0, 1809.0)	(24.0, 3353.0)	(25.0, 6322.0)	(26.0, 11798.0)	(27.0, 20473.0)	(28.0, 32419.0)	(29.0, 48070.0)	(30.0, 66389.0)	(31.0, 90292.0)	(32.0, 126536.0)	(33.0, 178770.0)	(34.0, 280712.0)	(35.0, 652071.0)	(36.0, 5340200.0)	(37.0, 393241.0)		
SRR11605271_2	(11.0, 1.0)	(12.0, 121.0)	(13.0, 369.0)	(14.0, 432.0)	(15.0, 437.0)	(16.0, 459.0)	(17.0, 493.0)	(18.0, 572.0)	(19.0, 905.0)	(20.0, 1468.0)	(21.0, 2865.0)	(22.0, 5418.0)	(23.0, 9017.0)	(24.0, 13375.0)	(25.0, 18561.0)	(26.0, 24620.0)	(27.0, 32787.0)	(28.0, 43152.0)	(29.0, 57640.0)	(30.0, 77604.0)	(31.0, 108002.0)	(32.0, 161304.0)	(33.0, 263133.0)	(34.0, 559707.0)	(35.0, 1787869.0)	(36.0, 3979704.0)	(37.0, 105724.0)
SRR11605271_kneaddata_paired_1	(26.0, 7.0)	(27.0, 130.0)	(28.0, 840.0)	(29.0, 4102.0)	(30.0, 14027.0)	(31.0, 35396.0)	(32.0, 71636.0)	(33.0, 131579.0)	(34.0, 245891.0)	(35.0, 644634.0)	(36.0, 5355070.0)	(37.0, 395637.0)															
SRR11605271_kneaddata_paired_2	(24.0, 1.0)	(25.0, 8.0)	(26.0, 53.0)	(27.0, 426.0)	(28.0, 2152.0)	(29.0, 8237.0)	(30.0, 23476.0)	(31.0, 56161.0)	(32.0, 118086.0)	(33.0, 235727.0)	(34.0, 540625.0)	(35.0, 1796000.0)	(36.0, 4011480.0)	(37.0, 106517.0)													
SRR11605272_1	(15.0, 1.0)	(16.0, 0.0)	(17.0, 7.0)	(18.0, 8.0)	(19.0, 18.0)	(20.0, 39.0)	(21.0, 89.0)	(22.0, 262.0)	(23.0, 762.0)	(24.0, 2020.0)	(25.0, 4934.0)	(26.0, 10657.0)	(27.0, 19679.0)	(28.0, 31472.0)	(29.0, 47369.0)	(30.0, 65655.0)	(31.0, 88440.0)	(32.0, 121384.0)	(33.0, 174522.0)	(34.0, 289803.0)	(35.0, 764946.0)	(36.0, 5399335.0)	(37.0, 203782.0)				
SRR11605272_2	(11.0, 4.0)	(12.0, 83.0)	(13.0, 228.0)	(14.0, 258.0)	(15.0, 177.0)	(16.0, 149.0)	(17.0, 139.0)	(18.0, 196.0)	(19.0, 249.0)	(20.0, 547.0)	(21.0, 1293.0)	(22.0, 3180.0)	(23.0, 6833.0)	(24.0, 11876.0)	(25.0, 17408.0)	(26.0, 23948.0)	(27.0, 32148.0)	(28.0, 42697.0)	(29.0, 57835.0)	(30.0, 78836.0)	(31.0, 111990.0)	(32.0, 171260.0)	(33.0, 292164.0)	(34.0, 654839.0)	(35.0, 2081034.0)	(36.0, 3565846.0)	(37.0, 69967.0)
SRR11605272_kneaddata_paired_1	(26.0, 9.0)	(27.0, 93.0)	(28.0, 779.0)	(29.0, 4091.0)	(30.0, 14103.0)	(31.0, 37224.0)	(32.0, 75822.0)	(33.0, 140112.0)	(34.0, 265612.0)	(35.0, 750942.0)	(36.0, 5396693.0)	(37.0, 205306.0)															
SRR11605272_kneaddata_paired_2	(25.0, 6.0)	(26.0, 50.0)	(27.0, 440.0)	(28.0, 2157.0)	(29.0, 8410.0)	(30.0, 24782.0)	(31.0, 62578.0)	(32.0, 134075.0)	(33.0, 273802.0)	(34.0, 646598.0)	(35.0, 2083663.0)	(36.0, 3583900.0)	(37.0, 70325.0)														
SRR11605273_1	(15.0, 2.0)	(16.0, 3.0)	(17.0, 5.0)	(18.0, 9.0)	(19.0, 23.0)	(20.0, 52.0)	(21.0, 106.0)	(22.0, 301.0)	(23.0, 774.0)	(24.0, 2308.0)	(25.0, 5419.0)	(26.0, 11600.0)	(27.0, 20851.0)	(28.0, 33807.0)	(29.0, 50189.0)	(30.0, 69119.0)	(31.0, 93654.0)	(32.0, 129234.0)	(33.0, 183393.0)	(34.0, 296687.0)	(35.0, 747176.0)	(36.0, 5584550.0)	(37.0, 236091.0)				
SRR11605273_2	(11.0, 2.0)	(12.0, 62.0)	(13.0, 209.0)	(14.0, 223.0)	(15.0, 185.0)	(16.0, 186.0)	(17.0, 180.0)	(18.0, 179.0)	(19.0, 250.0)	(20.0, 482.0)	(21.0, 1131.0)	(22.0, 2656.0)	(23.0, 5511.0)	(24.0, 9404.0)	(25.0, 13659.0)	(26.0, 18853.0)	(27.0, 25278.0)	(28.0, 34029.0)	(29.0, 47095.0)	(30.0, 65477.0)	(31.0, 95242.0)	(32.0, 140876.0)	(33.0, 230333.0)	(34.0, 466546.0)	(35.0, 1611804.0)	(36.0, 4544458.0)	(37.0, 151043.0)
SRR11605273_kneaddata_paired_1	(25.0, 1.0)	(26.0, 11.0)	(27.0, 138.0)	(28.0, 1046.0)	(29.0, 5177.0)	(30.0, 17594.0)	(31.0, 44325.0)	(32.0, 86351.0)	(33.0, 151678.0)	(34.0, 274582.0)	(35.0, 740646.0)	(36.0, 5602536.0)	(37.0, 237825.0)														
SRR11605273_kneaddata_paired_2	(25.0, 7.0)	(26.0, 38.0)	(27.0, 314.0)	(28.0, 1593.0)	(29.0, 6121.0)	(30.0, 18622.0)	(31.0, 46994.0)	(32.0, 101561.0)	(33.0, 202404.0)	(34.0, 447709.0)	(35.0, 1613231.0)	(36.0, 4571664.0)	(37.0, 151652.0)														
SRR11605274_1	(15.0, 5.0)	(16.0, 9.0)	(17.0, 17.0)	(18.0, 24.0)	(19.0, 54.0)	(20.0, 55.0)	(21.0, 102.0)	(22.0, 271.0)	(23.0, 721.0)	(24.0, 2008.0)	(25.0, 4830.0)	(26.0, 10171.0)	(27.0, 18548.0)	(28.0, 30043.0)	(29.0, 44035.0)	(30.0, 60529.0)	(31.0, 81888.0)	(32.0, 115051.0)	(33.0, 161878.0)	(34.0, 258326.0)	(35.0, 656149.0)	(36.0, 4693842.0)	(37.0, 185825.0)				
SRR11605274_2	(11.0, 2.0)	(12.0, 56.0)	(13.0, 244.0)	(14.0, 306.0)	(15.0, 265.0)	(16.0, 212.0)	(17.0, 210.0)	(18.0, 220.0)	(19.0, 263.0)	(20.0, 532.0)	(21.0, 1177.0)	(22.0, 2458.0)	(23.0, 5082.0)	(24.0, 8434.0)	(25.0, 12469.0)	(26.0, 16771.0)	(27.0, 22174.0)	(28.0, 29572.0)	(29.0, 40663.0)	(30.0, 56473.0)	(31.0, 82364.0)	(32.0, 121903.0)	(33.0, 194716.0)	(34.0, 396285.0)	(35.0, 1352674.0)	(36.0, 3848544.0)	(37.0, 130312.0)
SRR11605274_kneaddata_paired_1	(26.0, 6.0)	(27.0, 117.0)	(28.0, 837.0)	(29.0, 4523.0)	(30.0, 15479.0)	(31.0, 38626.0)	(32.0, 75302.0)	(33.0, 133008.0)	(34.0, 240376.0)	(35.0, 653011.0)	(36.0, 4710713.0)	(37.0, 187198.0)															
SRR11605274_kneaddata_paired_2	(25.0, 2.0)	(26.0, 31.0)	(27.0, 270.0)	(28.0, 1394.0)	(29.0, 5209.0)	(30.0, 15700.0)	(31.0, 40289.0)	(32.0, 87115.0)	(33.0, 173207.0)	(34.0, 381292.0)	(35.0, 1357160.0)	(36.0, 3866772.0)	(37.0, 130755.0)														
