Sample	0	1	2	3	4	5	6	7	8	9	10	11	12	13	14	15
SRR11605259_1	(1.0, 19.181426485965922)	(2.0, 13.314524001994323)	(3.0, 9.434461284115631)	(4.0, 6.743632956050588)	(5.0, 4.73427328912096)	(6.0, 3.557892834518159)	(7.0, 2.916276080483634)	(8.0, 2.378237117437264)	(9.0, 2.0965543615688533)	('>10', 23.73555231363717)	('>50', 6.6167394325849465)	('>100', 5.112491862656966)	('>500', 0.15887590861234932)	('>1k', 0.019062071253202525)	('>5k', 0.0)	('>10k+', 0.0)
SRR11605259_2	(1.0, 22.418787272518596)	(2.0, 13.100745081836527)	(3.0, 9.269495916126568)	(4.0, 6.313326974609709)	(5.0, 4.5450803310112375)	(6.0, 3.5077072063987926)	(7.0, 2.799616954805457)	(8.0, 2.198866319151696)	(9.0, 1.9752163431888576)	('>10', 22.73844750151507)	('>50', 6.254366995080017)	('>100', 4.707075842862805)	('>500', 0.13311388749138814)	('>1k', 0.038153373403295866)	('>5k', 0.0)	('>10k+', 0.0)
SRR11605259_kneaddata_paired_1	(1.0, 18.161697550830517)	(2.0, 13.745630542181889)	(3.0, 9.650502136745642)	(4.0, 6.7639607330441205)	(5.0, 4.762906720753385)	(6.0, 3.623159260566706)	(7.0, 2.9537127049206435)	(8.0, 2.4054747432414842)	(9.0, 2.105231638311181)	('>10', 24.075588778260443)	('>50', 6.608722168266014)	('>100', 4.986502577453963)	('>500', 0.13743771767158883)	('>1k', 0.019472727752451575)	('>5k', 0.0)	('>10k+', 0.0)
SRR11605259_kneaddata_paired_2	(1.0, 20.58291930888761)	(2.0, 13.519327181849716)	(3.0, 9.556473079713129)	(4.0, 6.47751470308989)	(5.0, 4.672215132243248)	(6.0, 3.6307850979076233)	(7.0, 2.8405011903874504)	(8.0, 2.245908863407355)	(9.0, 2.023258183162435)	('>10', 23.23040482225573)	('>50', 6.39947486222034)	('>100', 4.66101384965902)	('>500', 0.12114278133834684)	('>1k', 0.03906094387818558)	('>5k', 0.0)	('>10k+', 0.0)
SRR11605260_1	(1.0, 21.46499125445153)	(2.0, 14.084930806384943)	(3.0, 9.599259443839252)	(4.0, 6.767275692207889)	(5.0, 4.888009536596387)	(6.0, 3.7737363253266016)	(7.0, 2.952433525806084)	(8.0, 2.481192263449132)	(9.0, 2.151904910416361)	('>10', 22.85677249702803)	('>50', 5.384740027291429)	('>100', 3.5014087362208923)	('>500', 0.09334498098151907)	('>1k', 0.0)	('>5k', 0.0)	('>10k+', 0.0)
SRR11605260_2	(1.0, 23.94075759451407)	(2.0, 13.805868436649755)	(3.0, 9.442595807859288)	(4.0, 6.498398866747401)	(5.0, 4.901010590720639)	(6.0, 3.6686025394983655)	(7.0, 2.8223993346007776)	(8.0, 2.355055809473237)	(9.0, 1.9876826858738241)	('>10', 22.240863860096127)	('>50', 5.086769085202623)	('>100', 3.1546928335334052)	('>500', 0.0810001333524916)	('>1k', 0.014302421878020763)	('>5k', 0.0)	('>10k+', 0.0)
SRR11605260_kneaddata_paired_1	(1.0, 20.58083799375213)	(2.0, 14.409860539684047)	(3.0, 9.802595570853722)	(4.0, 6.850098935962502)	(5.0, 4.986815836168592)	(6.0, 3.7852598910030184)	(7.0, 3.003151150620298)	(8.0, 2.5421524954882764)	(9.0, 2.1598587717687163)	('>10', 23.00842039679445)	('>50', 5.417228146621941)	('>100', 3.366605959997868)	('>500', 0.08711431128444293)	('>1k', 0.0)	('>5k', 0.0)	('>10k+', 0.0)
SRR11605260_kneaddata_paired_2	(1.0, 22.335420579482573)	(2.0, 14.275214737951261)	(3.0, 9.745803316540947)	(4.0, 6.625141252384514)	(5.0, 5.0059978580871904)	(6.0, 3.7265849070888333)	(7.0, 2.8712435369510656)	(8.0, 2.4079265181636904)	(9.0, 2.095808819925747)	('>10', 22.603359885919758)	('>50', 5.11751518057553)	('>100', 3.0993901106742485)	('>500', 0.07587188561323979)	('>1k', 0.014721410641374883)	('>5k', 0.0)	('>10k+', 0.0)
SRR11605261_1	(1.0, 18.715934766177444)	(2.0, 12.351131870145176)	(3.0, 8.302010304403492)	(4.0, 5.99614824172833)	(5.0, 4.3987851819181865)	(6.0, 3.4861481407889925)	(7.0, 2.8092519498587394)	(8.0, 2.4373520449648747)	(9.0, 2.150476776633124)	('>10', 26.1086993787658)	('>50', 7.459632588627304)	('>100', 5.617634619359658)	('>500', 0.16679413662895073)	('>1k', 0.0)	('>5k', 0.0)	('>10k+', 0.0)
SRR11605261_2	(1.0, 20.42325294198185)	(2.0, 12.202328696543209)	(3.0, 8.326648583900901)	(4.0, 5.950410067332519)	(5.0, 4.203237705626401)	(6.0, 3.325870398208633)	(7.0, 2.7154686689967806)	(8.0, 2.3605589519054497)	(9.0, 2.058553607505023)	('>10', 25.392147981364303)	('>50', 7.4322106121496185)	('>100', 5.434036896597328)	('>500', 0.1752748878878999)	('>1k', 0.0)	('>5k', 0.0)	('>10k+', 0.0)
SRR11605261_kneaddata_paired_1	(1.0, 17.683165268115204)	(2.0, 12.582940780957298)	(3.0, 8.526806487772262)	(4.0, 6.040130833821856)	(5.0, 4.491353523437364)	(6.0, 3.5116565079589925)	(7.0, 2.8527575746161773)	(8.0, 2.500803723904716)	(9.0, 2.179625781616915)	('>10', 26.47641823689087)	('>50', 7.4923486371203785)	('>100', 5.49273929445313)	('>500', 0.16925334933487018)	('>1k', 0.0)	('>5k', 0.0)	('>10k+', 0.0)
SRR11605261_kneaddata_paired_2	(1.0, 18.970564876141616)	(2.0, 12.5701300653001)	(3.0, 8.51556155772969)	(4.0, 6.1123995865878324)	(5.0, 4.302106158079623)	(6.0, 3.4145358407270745)	(7.0, 2.7772987416407253)	(8.0, 2.3807406476214186)	(9.0, 2.0909989243868905)	('>10', 25.838929538803956)	('>50', 7.485397781667623)	('>100', 5.362134767625426)	('>500', 0.1792015136879281)	('>1k', 0.0)	('>5k', 0.0)	('>10k+', 0.0)
SRR11605262_1	(1.0, 36.8828687009503)	(2.0, 18.60373821799385)	(3.0, 10.36754332571632)	(4.0, 6.435842696154973)	(5.0, 4.39098236759357)	(6.0, 3.0854975522679755)	(7.0, 2.2512521865314787)	(8.0, 1.7794043700478692)	(9.0, 1.3823999222318788)	('>10', 8.647869606946005)	('>50', 2.0614366356999705)	('>100', 3.343839509746694)	('>500', 0.6867226539088117)	('>1k', 0.08060225421034309)	('>5k', 0.0)	('>10k+', 0.0)
SRR11605262_2	(1.0, 38.18099720205228)	(2.0, 18.17144478632969)	(3.0, 10.27303614022598)	(4.0, 6.464550512115361)	(5.0, 4.25131870480488)	(6.0, 3.0284417011818126)	(7.0, 2.180603187488278)	(8.0, 1.7288857996964946)	(9.0, 1.3425582496840207)	('>10', 8.412403067786697)	('>50', 1.9638261383962206)	('>100', 3.23854836369702)	('>500', 0.6940699733020526)	('>1k', 0.06931617323925891)	('>5k', 0.0)	('>10k+', 0.0)
SRR11605262_kneaddata_paired_1	(1.0, 36.64316622046434)	(2.0, 19.056494940277265)	(3.0, 10.60480221861074)	(4.0, 6.58227535098387)	(5.0, 4.3600326893582295)	(6.0, 3.118465336323265)	(7.0, 2.2689381347754662)	(8.0, 1.7957259588705576)	(9.0, 1.3688091929278061)	('>10', 8.485325424392027)	('>50', 1.991276381706443)	('>100', 3.095827220911847)	('>500', 0.5464008568185241)	('>1k', 0.08246007357966129)	('>5k', 0.0)	('>10k+', 0.0)
SRR11605262_kneaddata_paired_2	(1.0, 37.34878637529302)	(2.0, 18.85676604611467)	(3.0, 10.525639163719283)	(4.0, 6.656936789499793)	(5.0, 4.285848527092432)	(6.0, 3.0415838175359147)	(7.0, 2.2318180314296847)	(8.0, 1.757499704687715)	(9.0, 1.3479042914579202)	('>10', 8.34640398699496)	('>50', 1.9245645169962209)	('>100', 3.0687809519617337)	('>500', 0.5563536040230718)	('>1k', 0.05111419319360278)	('>5k', 0.0)	('>10k+', 0.0)
SRR11605263_1	(1.0, 34.28164252568882)	(2.0, 19.327707610925)	(3.0, 10.925039767986366)	(4.0, 6.471137540257138)	(5.0, 4.251887592136372)	(6.0, 3.0583258360868664)	(7.0, 2.227193200891762)	(8.0, 1.8136359713427808)	(9.0, 1.5286734658637366)	('>10', 14.040169743183675)	('>50', 1.5679332972599418)	('>100', 0.4809192417061539)	('>500', 0.009887660565568526)	('>1k', 0.015846546105822527)	('>5k', 0.0)	('>10k+', 0.0)
SRR11605263_2	(1.0, 35.11683005979056)	(2.0, 19.121752451912776)	(3.0, 10.827511462993456)	(4.0, 6.356811845824304)	(5.0, 4.141546398943914)	(6.0, 2.86954870855864)	(7.0, 2.2955839670006393)	(8.0, 1.8163427486625527)	(9.0, 1.4678408080785885)	('>10', 13.991412063815464)	('>50', 1.5352236569383257)	('>100', 0.4258853753243726)	('>500', 0.017707825062698662)	('>1k', 0.016002627093698048)	('>5k', 0.0)	('>10k+', 0.0)
SRR11605263_kneaddata_paired_1	(1.0, 33.733568292172535)	(2.0, 19.736294527839245)	(3.0, 11.006929018896564)	(4.0, 6.512019584711227)	(5.0, 4.302470343262935)	(6.0, 3.057923972888607)	(7.0, 2.2592610598244143)	(8.0, 1.8339434413563644)	(9.0, 1.5646136495187126)	('>10', 13.99335333293307)	('>50', 1.5143661123002656)	('>100', 0.45911803988177935)	('>500', 0.010012473658416619)	('>1k', 0.016126150755904345)	('>5k', 0.0)	('>10k+', 0.0)
SRR11605263_kneaddata_paired_2	(1.0, 34.35112306296277)	(2.0, 19.501378031439668)	(3.0, 10.985761188530061)	(4.0, 6.419148902312981)	(5.0, 4.1629150885587665)	(6.0, 2.913113548155809)	(7.0, 2.3057913589100845)	(8.0, 1.8452209345752992)	(9.0, 1.5196235099529707)	('>10', 14.036674904572447)	('>50', 1.512420262716229)	('>100', 0.41242875986635225)	('>500', 0.018056069289457247)	('>1k', 0.016344378157151316)	('>5k', 0.0)	('>10k+', 0.0)
SRR11605264_1	(1.0, 16.48670587165945)	(2.0, 10.276871496079314)	(3.0, 7.8995553652732395)	(4.0, 6.205696925781071)	(5.0, 5.102494498426764)	(6.0, 4.2815992290150975)	(7.0, 3.6686168283245224)	(8.0, 3.1421073583015144)	(9.0, 2.809564909820866)	('>10', 28.899419480030435)	('>50', 4.743183119371324)	('>100', 5.429318651367971)	('>500', 0.7275660958943979)	('>1k', 0.3273001706539574)	('>5k', 0.0)	('>10k+', 0.0)
SRR11605264_2	(1.0, 19.29026960196661)	(2.0, 10.394882881470311)	(3.0, 7.764812091462574)	(4.0, 6.147282916018559)	(5.0, 4.999756420868705)	(6.0, 4.250607680886068)	(7.0, 3.6386836020945084)	(8.0, 3.0054118555692746)	(9.0, 2.698071854612977)	('>10', 27.138709142080124)	('>50', 4.4995511114366105)	('>100', 5.180700184373094)	('>500', 0.733689451716095)	('>1k', 0.25757120544456774)	('>5k', 0.0)	('>10k+', 0.0)
SRR11605264_kneaddata_paired_1	(1.0, 15.178114039058618)	(2.0, 10.588936768011589)	(3.0, 8.181587331063064)	(4.0, 6.370651398070266)	(5.0, 5.210230347265208)	(6.0, 4.411173958311343)	(7.0, 3.770986756671161)	(8.0, 3.2153757040485313)	(9.0, 2.868756448900569)	('>10', 29.056326495913883)	('>50', 4.73665275597162)	('>100', 5.373664472235566)	('>500', 0.7398666864561366)	('>1k', 0.297676838022526)	('>5k', 0.0)	('>10k+', 0.0)
SRR11605264_kneaddata_paired_2	(1.0, 17.333839590076472)	(2.0, 10.762993362542526)	(3.0, 8.061740649866238)	(4.0, 6.3829611676937255)	(5.0, 5.157268071885493)	(6.0, 4.36365803171811)	(7.0, 3.7523410937241466)	(8.0, 3.0816084525415315)	(9.0, 2.781407920241233)	('>10', 27.5564056240342)	('>50', 4.5344898438041215)	('>100', 5.237947047231831)	('>500', 0.7405628283005967)	('>1k', 0.2527763163398097)	('>5k', 0.0)	('>10k+', 0.0)
SRR11605265_1	(1.0, 16.52667879510621)	(2.0, 9.03375881673581)	(3.0, 6.8121370117150954)	(4.0, 5.02113007057312)	(5.0, 4.261199562880267)	(6.0, 3.599130646825584)	(7.0, 3.127015773533192)	(8.0, 2.736583858411051)	(9.0, 2.40530650150869)	('>10', 31.288847389926527)	('>50', 7.857207505687322)	('>100', 6.258529581556285)	('>500', 0.2829247932824555)	('>1k', 0.3549740748757275)	('>5k', 0.0)	('>10k+', 0.4345756173826082)
SRR11605265_2	(1.0, 21.99002460142254)	(2.0, 8.709519451273518)	(3.0, 6.200295923844867)	(4.0, 4.831777912886483)	(5.0, 4.049702357804428)	(6.0, 3.4076145071369495)	(7.0, 2.891176624169598)	(8.0, 2.5759256866336275)	(9.0, 2.2288424616790135)	('>10', 29.527140218318888)	('>50', 7.427653808104051)	('>100', 5.879931018794949)	('>500', 0.20717260976732288)	('>1k', 0.0732228181638116)	('>5k', 0.0)	('>10k+', 0.0)
SRR11605265_kneaddata_paired_1	(1.0, 15.21856585659203)	(2.0, 9.362450241154047)	(3.0, 7.097546590147598)	(4.0, 5.284443027077454)	(5.0, 4.448553753400048)	(6.0, 3.729613776467172)	(7.0, 3.196142162518671)	(8.0, 2.795529220229238)	(9.0, 2.504404336813295)	('>10', 32.16096305525416)	('>50', 7.783603541171652)	('>100', 6.13846854999119)	('>500', 0.250161944829931)	('>1k', 0.02955394435351684)	('>5k', 0.0)	('>10k+', 0.0)
SRR11605265_kneaddata_paired_2	(1.0, 18.358369298734093)	(2.0, 9.215612866578539)	(3.0, 6.583312033965369)	(4.0, 5.143911333866903)	(5.0, 4.235840701529865)	(6.0, 3.6067372492179888)	(7.0, 3.0657565676676928)	(8.0, 2.7240905831430404)	(9.0, 2.3577313007292093)	('>10', 30.92090970046726)	('>50', 7.644805021045379)	('>100', 5.918710036452707)	('>500', 0.20062698346286842)	('>1k', 0.02358632313913779)	('>5k', 0.0)	('>10k+', 0.0)
SRR11605266_1	(1.0, 17.42693964398988)	(2.0, 10.017997592477382)	(3.0, 7.2588766094754815)	(4.0, 5.705714844441238)	(5.0, 4.44659703463845)	(6.0, 3.760764171766715)	(7.0, 3.1776037798720744)	(8.0, 2.8041538047716084)	(9.0, 2.4047244074028296)	('>10', 29.655894642661647)	('>50', 7.1169756951000736)	('>100', 5.725953539492333)	('>500', 0.40358233789952214)	('>1k', 0.09422189601088977)	('>5k', 0.0)	('>10k+', 0.0)
SRR11605266_2	(1.0, 18.83235011298803)	(2.0, 10.130665529357419)	(3.0, 7.288730793035122)	(4.0, 5.496752867002501)	(5.0, 4.302185046885886)	(6.0, 3.746713954294262)	(7.0, 3.173464380625236)	(8.0, 2.7063510004830715)	(9.0, 2.3621461033997613)	('>10', 29.086372049537857)	('>50', 6.792269956639488)	('>100', 5.6095584899641375)	('>500', 0.39827036288235024)	('>1k', 0.07416935290488237)	('>5k', 0.0)	('>10k+', 0.0)
SRR11605266_kneaddata_paired_1	(1.0, 16.059216555661774)	(2.0, 10.30847604801108)	(3.0, 7.480786918934239)	(4.0, 5.8072227745221605)	(5.0, 4.565528090463067)	(6.0, 3.886060470245202)	(7.0, 3.2463259073540347)	(8.0, 2.7976252452921444)	(9.0, 2.5293285679901514)	('>10', 30.052750011744777)	('>50', 7.103356155152553)	('>100', 5.685999127811217)	('>500', 0.3810556744298856)	('>1k', 0.09626845238770218)	('>5k', 0.0)	('>10k+', 0.0)
SRR11605266_kneaddata_paired_2	(1.0, 17.22956380476717)	(2.0, 10.418821828437054)	(3.0, 7.4951308394577225)	(4.0, 5.663159261948862)	(5.0, 4.457833572863292)	(6.0, 3.776088453354846)	(7.0, 3.2525416519281305)	(8.0, 2.7898374834806234)	(9.0, 2.454944861894409)	('>10', 29.600371711865847)	('>50', 6.847587645027227)	('>100', 5.5788292123583405)	('>500', 0.35969221585138206)	('>1k', 0.07559745676510209)	('>5k', 0.0)	('>10k+', 0.0)
SRR11605267_1	(1.0, 22.893519564971584)	(2.0, 12.921463315364361)	(3.0, 9.264007561403188)	(4.0, 6.977852206614492)	(5.0, 5.55973389752523)	(6.0, 4.52352734156359)	(7.0, 3.61623508692642)	(8.0, 3.090408274648409)	(9.0, 2.565766621776342)	('>10', 22.049926852320006)	('>50', 2.802514559853445)	('>100', 2.174407497160692)	('>500', 0.026055389040897495)	('>1k', 0.4822003283484734)	('>5k', 0.6222093022906792)	('>10k+', 0.4301722001922641)
SRR11605267_2	(1.0, 37.359949067115274)	(2.0, 11.978667152714593)	(3.0, 8.197464756874425)	(4.0, 5.969470849148493)	(5.0, 4.666850167055172)	(6.0, 3.790908039975569)	(7.0, 3.0379390977123784)	(8.0, 2.5766521651119447)	(9.0, 2.0866672089398057)	('>10', 16.601795470721033)	('>50', 2.152815132635786)	('>100', 1.4143357112506174)	('>500', 0.02442270698358335)	('>1k', 0.033858290697473994)	('>5k', 0.10820418306381932)	('>10k+', 0.0)
SRR11605267_kneaddata_paired_1	(1.0, 22.424977653459003)	(2.0, 14.152799820124992)	(3.0, 9.923779032718976)	(4.0, 7.473393002624)	(5.0, 5.771402379569683)	(6.0, 4.744529032262937)	(7.0, 3.76204000740358)	(8.0, 3.114196589749153)	(9.0, 2.7342434650962506)	('>10', 21.253100658794967)	('>50', 2.696940487823835)	('>100', 1.8984999257658186)	('>500', 0.014163816799833227)	('>1k', 0.035934127806984295)	('>5k', 0.0)	('>10k+', 0.0)
SRR11605267_kneaddata_paired_2	(1.0, 31.310716670701915)	(2.0, 13.362498590096042)	(3.0, 9.130409482379674)	(4.0, 6.657212959008298)	(5.0, 5.15869509726814)	(6.0, 4.158461462081293)	(7.0, 3.3996399848279553)	(8.0, 2.7710399081813275)	(9.0, 2.2903014003692777)	('>10', 18.004202980534366)	('>50', 2.2922483917116283)	('>100', 1.3940524612705232)	('>500', 0.012839030982658537)	('>1k', 0.05768158058692562)	('>5k', 0.0)	('>10k+', 0.0)
SRR11605268_1	(1.0, 23.580507384312618)	(2.0, 13.65511610441609)	(3.0, 9.270231682893588)	(4.0, 6.708458459583093)	(5.0, 5.035805480342416)	(6.0, 4.148956054898559)	(7.0, 3.2562346845211545)	(8.0, 2.803364920623826)	(9.0, 2.33768393704669)	('>10', 22.015188423254266)	('>50', 3.579020328740041)	('>100', 2.9138213142767566)	('>500', 0.3222950556098528)	('>1k', 0.05306278334298382)	('>5k', 0.10841471124526465)	('>10k+', 0.21183867489278269)
SRR11605268_2	(1.0, 25.334226974780016)	(2.0, 13.61094643161227)	(3.0, 9.2271214770729)	(4.0, 6.5066886877604215)	(5.0, 5.046154361266209)	(6.0, 3.991756934892459)	(7.0, 3.2009078929571317)	(8.0, 2.639218866756887)	(9.0, 2.281316674251634)	('>10', 21.580588972868576)	('>50', 3.4872806090746304)	('>100', 2.6783189415126936)	('>500', 0.33185087664953267)	('>1k', 0.08362229854454374)	('>5k', 0.0)	('>10k+', 0.0)
SRR11605268_kneaddata_paired_1	(1.0, 22.511415545746765)	(2.0, 14.107281854148363)	(3.0, 9.514462235921943)	(4.0, 6.850025225768352)	(5.0, 5.1867452729474985)	(6.0, 4.2655760163842205)	(7.0, 3.328898231018415)	(8.0, 2.8635203526282655)	(9.0, 2.3745915238185984)	('>10', 22.21134581728899)	('>50', 3.5535032106248)	('>100', 2.8612685761726753)	('>500', 0.3171832803563778)	('>1k', 0.05418285717483)	('>5k', 0.0)	('>10k+', 0.0)
SRR11605268_kneaddata_paired_2	(1.0, 23.85797217468403)	(2.0, 14.05396961474182)	(3.0, 9.502778157748264)	(4.0, 6.674774714370788)	(5.0, 5.165817715899329)	(6.0, 4.1132820321978585)	(7.0, 3.246445671116613)	(8.0, 2.67591895011688)	(9.0, 2.3190705690576325)	('>10', 21.821793404991947)	('>50', 3.494052446738074)	('>100', 2.655059154519856)	('>500', 0.34001525902990876)	('>1k', 0.07905013478689102)	('>5k', 0.0)	('>10k+', 0.0)
SRR11605269_1	(1.0, 37.497094661096256)	(2.0, 19.184588716591172)	(3.0, 10.718007282361626)	(4.0, 6.340969951128342)	(5.0, 3.967404050516189)	(6.0, 2.699313271201053)	(7.0, 1.9553640163669994)	(8.0, 1.5258698932481656)	(9.0, 1.226113654517793)	('>10', 11.883259340733975)	('>50', 2.1484576136018236)	('>100', 0.833361032763174)	('>500', 0.020196515873457666)	('>1k', 0.0)	('>5k', 0.0)	('>10k+', 0.0)
SRR11605269_2	(1.0, 39.03896310274731)	(2.0, 19.28027657514401)	(3.0, 10.63278895483596)	(4.0, 6.10802594948101)	(5.0, 3.804093738916423)	(6.0, 2.667483861505817)	(7.0, 1.9043790155264761)	(8.0, 1.388493347377334)	(9.0, 1.206819042588371)	('>10', 11.179903128338408)	('>50', 1.9989553757574503)	('>100', 0.7498244877939062)	('>500', 0.01583304189402276)	('>1k', 0.024160378093543846)	('>5k', 0.0)	('>10k+', 0.0)
SRR11605269_kneaddata_paired_1	(1.0, 36.91270499002523)	(2.0, 19.561871981356827)	(3.0, 10.836853149512244)	(4.0, 6.349673455816294)	(5.0, 3.967925358821773)	(6.0, 2.737924695492089)	(7.0, 1.9754999777938709)	(8.0, 1.5412683682207367)	(9.0, 1.2365143377028007)	('>10', 11.933750127368933)	('>50', 2.1239516716793125)	('>100', 0.801224420470889)	('>500', 0.02083746573896238)	('>1k', 0.0)	('>5k', 0.0)	('>10k+', 0.0)
SRR11605269_kneaddata_paired_2	(1.0, 38.07512112564423)	(2.0, 19.74209800828632)	(3.0, 10.815854149213608)	(4.0, 6.171889664742414)	(5.0, 3.829673317576861)	(6.0, 2.7080215245038675)	(7.0, 1.8727923447176837)	(8.0, 1.432955214366307)	(9.0, 1.202115315670803)	('>10', 11.404939781580522)	('>50', 1.9749140136557646)	('>100', 0.7447854069915453)	('>500', 0.0)	('>1k', 0.024840133050078952)	('>5k', 0.0)	('>10k+', 0.0)
SRR11605270_1	(1.0, 46.44431204354804)	(2.0, 22.490417702195074)	(3.0, 10.68889903589989)	(4.0, 5.21760329209359)	(5.0, 2.8888696775120577)	(6.0, 1.8588964109905255)	(7.0, 1.3518061388474074)	(8.0, 1.014821474921123)	(9.0, 0.8319049657627053)	('>10', 6.369171152923178)	('>50', 0.585969523555719)	('>100', 0.24035948012326372)	('>500', 0.016969101627462315)	('>1k', 0.0)	('>5k', 0.0)	('>10k+', 0.0)
SRR11605270_2	(1.0, 49.1591469087964)	(2.0, 21.851117986421155)	(3.0, 10.04172605480437)	(4.0, 4.911233558089758)	(5.0, 2.8071281944292608)	(6.0, 1.784101071217027)	(7.0, 1.2787542275388566)	(8.0, 0.8736127807266517)	(9.0, 0.8027616454694214)	('>10', 5.77712092187325)	('>50', 0.48761137135047733)	('>100', 0.20046385534190939)	('>500', 0.02522142394148159)	('>1k', 0.0)	('>5k', 0.0)	('>10k+', 0.0)
SRR11605270_kneaddata_paired_1	(1.0, 46.13748281828788)	(2.0, 22.868330672273654)	(3.0, 10.617527425999722)	(4.0, 5.248712599693528)	(5.0, 2.8546432452622104)	(6.0, 1.9006442719856842)	(7.0, 1.3394134024057944)	(8.0, 1.03731802121483)	(9.0, 0.8368214690596638)	('>10', 6.345223833208756)	('>50', 0.5646087795157422)	('>100', 0.2321762174770153)	('>500', 0.017097243615497606)	('>1k', 0.0)	('>5k', 0.0)	('>10k+', 0.0)
SRR11605270_kneaddata_paired_2	(1.0, 48.02473797683601)	(2.0, 22.46937641212481)	(3.0, 10.22350431445746)	(4.0, 5.000167589434551)	(5.0, 2.8864016741127667)	(6.0, 1.7917537781675268)	(7.0, 1.3111329113448267)	(8.0, 0.9112131870490021)	(9.0, 0.7949664414584211)	('>10', 5.88569966757369)	('>50', 0.4803618701194581)	('>100', 0.20254017623533824)	('>500', 0.018144001086146555)	('>1k', 0.0)	('>5k', 0.0)	('>10k+', 0.0)
SRR11605271_1	(1.0, 27.501701969090238)	(2.0, 15.501731465574247)	(3.0, 9.814189342985005)	(4.0, 6.544995516771557)	(5.0, 4.838146388140994)	(6.0, 3.89514263046507)	(7.0, 3.2065868545783935)	(8.0, 2.5806375912281294)	(9.0, 2.1875844147010106)	('>10', 21.245882659225742)	('>50', 2.104726830427119)	('>100', 0.5650127269675513)	('>500', 0.013661609844972165)	('>1k', 0.0)	('>5k', 0.0)	('>10k+', 0.0)
SRR11605271_2	(1.0, 30.891943714096815)	(2.0, 14.996733150767469)	(3.0, 9.121219196463544)	(4.0, 6.264592720987892)	(5.0, 4.66450939787051)	(6.0, 3.6491213497216823)	(7.0, 3.0804475988835693)	(8.0, 2.504367653793337)	(9.0, 2.203363315169562)	('>10', 20.172534551868065)	('>50', 1.9267703298049697)	('>100', 0.4962763448209868)	('>500', 0.028120675751555132)	('>1k', 0.0)	('>5k', 0.0)	('>10k+', 0.0)
SRR11605271_kneaddata_paired_1	(1.0, 26.607746400841144)	(2.0, 15.936092310753756)	(3.0, 9.95950770838757)	(4.0, 6.6446090480490865)	(5.0, 4.9403243992878245)	(6.0, 3.9086882007854524)	(7.0, 3.223629386846923)	(8.0, 2.618714936717262)	(9.0, 2.251840787656898)	('>10', 21.315843532684724)	('>50', 2.0331723149368317)	('>100', 0.5458731880596444)	('>500', 0.013957784992912954)	('>1k', 0.0)	('>5k', 0.0)	('>10k+', 0.0)
SRR11605271_kneaddata_paired_2	(1.0, 28.97345619154758)	(2.0, 15.553151653549897)	(3.0, 9.48934162826734)	(4.0, 6.462872602216716)	(5.0, 4.745245554155878)	(6.0, 3.804765160607568)	(7.0, 3.1765965569261154)	(8.0, 2.547487445035062)	(9.0, 2.237706279258068)	('>10', 20.606097490590265)	('>50', 1.8929561229485619)	('>100', 0.48528308001600595)	('>500', 0.025040234880945072)	('>1k', 0.0)	('>5k', 0.0)	('>10k+', 0.0)
SRR11605272_1	(1.0, 20.264115560894403)	(2.0, 14.243112580692486)	(3.0, 10.079884173203897)	(4.0, 6.86430146797338)	(5.0, 5.054626262850961)	(6.0, 3.6926205785198536)	(7.0, 2.9805020613662494)	(8.0, 2.476307713151158)	(9.0, 1.981531913924549)	('>10', 22.293708090728206)	('>50', 5.646685170742551)	('>100', 4.272461220034506)	('>500', 0.07830464747119954)	('>1k', 0.07183855844651338)	('>5k', 0.0)	('>10k+', 0.0)
SRR11605272_2	(1.0, 23.594661035934227)	(2.0, 13.888126423093544)	(3.0, 9.68904017796079)	(4.0, 6.613643627520823)	(5.0, 4.778874769255906)	(6.0, 3.5817874670569285)	(7.0, 2.831199684786048)	(8.0, 2.352211258810365)	(9.0, 1.9967667632326647)	('>10', 21.357133638771426)	('>50', 5.352527483731915)	('>100', 3.8254569684734263)	('>500', 0.06720671346297852)	('>1k', 0.07136398790910203)	('>5k', 0.0)	('>10k+', 0.0)
SRR11605272_kneaddata_paired_1	(1.0, 19.213632494805903)	(2.0, 14.607279599210662)	(3.0, 10.33728806507361)	(4.0, 7.004353777965688)	(5.0, 5.136847888932597)	(6.0, 3.7400064504933868)	(7.0, 2.9973358612559715)	(8.0, 2.5004411821919277)	(9.0, 1.9962723997161456)	('>10', 22.543772738442417)	('>50', 5.654898542533558)	('>100', 4.123696765556318)	('>500', 0.07127696724901822)	('>1k', 0.07289726657270583)	('>5k', 0.0)	('>10k+', 0.0)
SRR11605272_kneaddata_paired_2	(1.0, 21.72643822833956)	(2.0, 14.341995301546406)	(3.0, 10.00113433536161)	(4.0, 6.734554531171308)	(5.0, 4.949834863545489)	(6.0, 3.6575468134326132)	(7.0, 2.9208225336991704)	(8.0, 2.386493712428096)	(9.0, 2.0466072268010116)	('>10', 21.850021925113722)	('>50', 5.457869292398219)	('>100', 3.7847658041596075)	('>500', 0.06899337714248871)	('>1k', 0.0729220548607541)	('>5k', 0.0)	('>10k+', 0.0)
SRR11605273_1	(1.0, 15.519699266459664)	(2.0, 10.708634532217452)	(3.0, 7.989333473385628)	(4.0, 5.876677223837304)	(5.0, 4.433543440287034)	(6.0, 3.5881010824431034)	(7.0, 3.046947756806871)	(8.0, 2.5873242860617913)	(9.0, 2.268909023016834)	('>10', 29.53819846718294)	('>50', 8.520941633900025)	('>100', 5.720271868021926)	('>500', 0.146085449702961)	('>1k', 0.05533249667648195)	('>5k', 0.0)	('>10k+', 0.0)
SRR11605273_2	(1.0, 17.3100407749007)	(2.0, 10.849544550484444)	(3.0, 7.8143101468392135)	(4.0, 5.741558074789569)	(5.0, 4.460162633902185)	(6.0, 3.6354650814677543)	(7.0, 2.8642822174004166)	(8.0, 2.5270221528308183)	(9.0, 2.222053279825864)	('>10', 28.563141607394314)	('>50', 8.398033005213431)	('>100', 5.44426271781295)	('>500', 0.1113877491966663)	('>1k', 0.058736007941688734)	('>5k', 0.0)	('>10k+', 0.0)
SRR11605273_kneaddata_paired_1	(1.0, 14.397532805263083)	(2.0, 11.054102834230406)	(3.0, 8.16549196018149)	(4.0, 6.051438158214785)	(5.0, 4.477973417820531)	(6.0, 3.63686940813853)	(7.0, 3.062372199911859)	(8.0, 2.638852559096496)	(9.0, 2.3232700667125767)	('>10', 29.9106246051487)	('>50', 8.560906557769918)	('>100', 5.523798833386202)	('>500', 0.14050810605296415)	('>1k', 0.056258488072320506)	('>5k', 0.0)	('>10k+', 0.0)
SRR11605273_kneaddata_paired_2	(1.0, 15.81828321459367)	(2.0, 11.162382117643022)	(3.0, 7.995475999208292)	(4.0, 5.866013991532021)	(5.0, 4.538777755242861)	(6.0, 3.6627408855052184)	(7.0, 2.9406602016065206)	(8.0, 2.60442506671472)	(9.0, 2.271290999730766)	('>10', 29.159585933954478)	('>50', 8.458279334143032)	('>100', 5.356913787308375)	('>500', 0.10538499468086195)	('>1k', 0.05978571813625822)	('>5k', 0.0)	('>10k+', 0.0)
SRR11605274_1	(1.0, 16.387789753192582)	(2.0, 10.114882524708571)	(3.0, 7.461517264209055)	(4.0, 5.724398331486124)	(5.0, 4.531144766122794)	(6.0, 3.6912928872132005)	(7.0, 3.1247974768668203)	(8.0, 2.6901229860228257)	(9.0, 2.399804107228578)	('>10', 31.064562785505412)	('>50', 8.189335309659832)	('>100', 4.410257763148381)	('>500', 0.1472042787209436)	('>1k', 0.06288976591487293)	('>5k', 0.0)	('>10k+', 0.0)
SRR11605274_2	(1.0, 18.16053380667935)	(2.0, 10.328227501873531)	(3.0, 7.427855782337795)	(4.0, 5.528858911954948)	(5.0, 4.361591830133613)	(6.0, 3.5776595426245303)	(7.0, 3.0322891456427143)	(8.0, 2.582051069752125)	(9.0, 2.2916750911193424)	('>10', 30.427163549547682)	('>50', 7.979583278236162)	('>100', 4.113387729917376)	('>500', 0.1420367476954646)	('>1k', 0.047086012485302045)	('>5k', 0.0)	('>10k+', 0.0)
SRR11605274_kneaddata_paired_1	(1.0, 15.106211625520197)	(2.0, 10.453640564544548)	(3.0, 7.68590092422152)	(4.0, 5.81302818769782)	(5.0, 4.670553910639834)	(6.0, 3.7236067682349403)	(7.0, 3.1861875041959897)	(8.0, 2.7720428255675027)	(9.0, 2.4444230349367158)	('>10', 31.55461511278937)	('>50', 8.126695604314715)	('>100', 4.250337895902252)	('>500', 0.1491061345876493)	('>1k', 0.06364990684697959)	('>5k', 0.0)	('>10k+', 0.0)
SRR11605274_kneaddata_paired_2	(1.0, 16.63318882799894)	(2.0, 10.63325150261999)	(3.0, 7.692234322897192)	(4.0, 5.631166128044794)	(5.0, 4.499755917908025)	(6.0, 3.6303317841326668)	(7.0, 3.0699859448834657)	(8.0, 2.702326570947624)	(9.0, 2.2976822863756357)	('>10', 31.02541519447434)	('>50', 7.9583320582337524)	('>100', 4.042869263967668)	('>500', 0.1352876714969024)	('>1k', 0.04817252601899048)	('>5k', 0.0)	('>10k+', 0.0)
